local placeId = game.PlaceId
if placeId == 2753915549 then
    firstsea = true
elseif placeId == 4442272183 then
    secondsea = true
elseif placeId == 7449423635 then
    thirdsea = true
end

function CheckLevel()
    local ml = game:GetService("Players").LocalPlayer.Data.Level.Value
    if firstsea then
    if ml == 1 or ml <= 9 then
    Mon = "Bandit [Lv. 5]"
    QN = "BanditQuest1"
    QC = 1
    CMON = CFrame.new(1036.70374, 81.010025, 1595.24316, 0.86694622, -6.96011782e-08, -0.498401672, 5.6375864e-08, 1, -4.15856114e-08, 0.498401672, 7.95466537e-09, 0.86694622)
    function tp()
        print("babaji")
    end
    elseif ml == 10 or ml <= 14 then
    Mon = "Monkey [Lv. 14]"
    QN = "JungleQuest"
    QC = 1
    CMON = CFrame.new(-1766.48645, 61.1783829, 45.2352715, 0.756809533, -2.0297577e-08, -0.65363574, 4.24678888e-08, 1, 1.81179391e-08, 0.65363574, -4.14703614e-08, 0.756809533)
    function tp()
        print("babaji")
    end
    elseif ml == 15 or ml <= 29 then
    Mon = "Gorilla [Lv. 20]"
    QN = "JungleQuest"
    QC = 2
    CMON = CFrame.new(-1133.13049, 40.8067093, -525.448364, 0.899749458, 1.02657985e-07, 0.436406821, -9.6761724e-08, 1, -3.57388537e-08, -0.436406821, -1.00714628e-08, 0.899749458)
    function tp()
        print("babaji")
    end
    elseif ml == 30 or ml <= 39 then
    Mon = "Pirate [Lv. 35]"
    QN = "BuggyQuest1"
    QC = 1
    CMON = CFrame.new(-1159.13, 46.3488121, 3971.05786, 0.677725613, -2.33113315e-08, 0.735315621, -8.56608147e-14, 1, 3.17025872e-08, -0.735315621, -2.14857057e-08, 0.677725613)
    function tp()
        print("babaji")
    end
    elseif ml == 40 or ml <= 59 then
    Mon = "Brute [Lv. 45]"
    QN = "BuggyQuest1"
    QC = 2
    CMON = CFrame.new(-1051.02917, 78.567749, 4242.07471, -0.843239903, -1.94451868e-08, -0.537537515, -6.25478407e-08, 1, 6.19447817e-08, 0.537537515, 8.58561293e-08, -0.843239903)
    function tp()
        print("babaji")
    end
    elseif ml == 60 or ml <= 74 then
    Mon = "Desert Bandit [Lv. 60]"
    QN = "DesertQuest"
    QC = 1
    CMON = CFrame.new(1050.11157, 51.599411, 4488.66992, 0.0106242513, 8.97273651e-08, 0.999943554, 5.97399747e-08, 1, -9.03671591e-08, -0.999943554, 6.0696685e-08, 0.0106242513)
    function tp()
        print("babaji")
    end
    elseif ml == 75 or ml <= 89 then
    Mon = "Desert Officer [Lv. 70]"
    QN = "DesertQuest"
    QC = 2
    CMON = CFrame.new(1517.31165, 14.7953005, 4393.42822, -0.290638596, 3.15129363e-08, -0.956832886, 8.90123353e-09, 1, 3.0230872e-08, 0.956832886, 2.69265166e-10, -0.290638596)
    function tp()
        print("babaji")
    end
    elseif ml == 90 or ml <= 99 then
    Mon = "Snow Bandit [Lv. 90]"
    QN = "SnowQuest"
    QC = 1
    CMON = CFrame.new(1410.25354, 126.530884, -1513.59827, -0.618696988, -5.69031489e-10, 0.78562969, -6.95172919e-10, 1, 1.76839141e-10, -0.78562969, -4.36738645e-10, -0.618696988)
    function tp()
        print("babaji")
    end
    elseif ml == 100 or ml <= 119 then
    Mon = "Snowman [Lv. 100]"
    QN = "SnowQuest"
    QC = 2
    CMON = CFrame.new(1218.8634, 142.375412, -1485.21155, 0.329565495, 3.47958569e-08, -0.944132805, 5.52242376e-08, 1, 5.61317854e-08, 0.944132805, -7.06381087e-08, 0.329565495)
    function tp()
        print("babaji")
    end
    elseif ml == 120 or ml <= 149 then
    Mon = "Chief Petty Officer [Lv. 120]"
    QN = "MarineQuest2"
    QC = 1
    CMON = CFrame.new(-4604.7334, 55.2706528, 4411.19922, -0.165601104, -0.00443460373, 0.98618257, -2.12488541e-10, 0.999989867, 0.00449669221, -0.986192644, 0.000744656834, -0.16559957)
    function tp()
        print("babaji")
    end
    elseif ml == 150 or ml <= 174 then
    Mon = "Sky Bandit [Lv. 150]"
    QN = "SkyQuest"
    QC = 1
    CMON = CFrame.new(-4956.18701, 296.087555, -2905.59302, -0.999946296, -1.56686966e-08, -0.0103730513, -1.50773882e-08, 1, -5.70826337e-08, 0.0103730513, -5.69231595e-08, -0.999946296)
    function tp()
        print("babaji")
    end
    elseif ml == 175 or ml <= 189 then
    Mon = "Dark Master [Lv. 175]"
    QN = "SkyQuest"
    QC = 2
    CMON = CFrame.new(-5224.76172, 430.11087, -2279.73486, -0.875366688, 0.0112008806, -0.48333016, -2.15239324e-05, 0.999730706, 0.023207128, 0.48345992, 0.0203251429, -0.875130594)
    function tp()
        print("babaji")
    end
elseif ml == 190 or ml <= 209 then
    Mon = "Prisoner [Lv. 190]"
    QN = "PrisonerQuest"
    QC = 1
    CMON = CFrame.new(5162.75586, 15.9961863, 489.834991, 0.717177927, -8.85419915e-09, 0.696889997, 2.77057861e-08, 1, -1.58070517e-08, -0.696889997, 3.06443617e-08, 0.717177927)
    function tp()
        print("babaji")
    end
elseif ml == 210 or ml <= 249 then
    Mon = "Dangerous Prisoner [Lv. 210]"
    QN = "PrisonerQuest"
    QC = 2
    CMON = CFrame.new(5548.29004, 15.9952106, 645.591675, 0.513494313, -7.3455638e-08, -0.858093023, 3.9348933e-08, 1, -6.20564222e-08, 0.858093023, -1.89942617e-09, 0.513494313)
    function tp()
        print("babaji")
    end
elseif ml == 250 or ml <= 274 then
    Mon = "Toga Warrior [Lv. 250]"
    QN = "ColosseumQuest"
    QC = 1
    CMON = CFrame.new(-1830.43762, 48.944252, -2743.79077, 0.9984622, -0.00192281546, 0.0554001257, -1.79210291e-09, 0.999398232, 0.0346868336, -0.0554336607, -0.0346334875, 0.997861564)
    function tp()
        print("babaji")
    end
elseif ml == 275 or ml <= 299 then
    Mon = "Gladiator [Lv. 275]"
    QN = "ColosseumQuest"
    QC = 2
    CMON = CFrame.new(-1204.62, 7.41440344, -3159.01123, 0.238906518, 0, 0.971042514, -0, 1, -0, -0.971042633, 0, 0.238906488)
    function tp()
        print("babaji")
    end
elseif ml == 300 or ml <= 324 then
    Mon = "Military Soldier [Lv. 300]"
    QN = "MagmaQuest"
    QC = 1
    CMON = CFrame.new(-5366.47705, 61.3768997, 8556.12012, 0.141619563, -2.26716779e-08, -0.989921093, -4.05928482e-08, 1, -2.87098025e-08, 0.989921093, 4.42496031e-08, 0.141619563)
    function tp()
        print("babaji")
    end
elseif ml == 325 or ml <= 374 then
    Mon = "Military Spy [Lv. 325]"
    QN = "MagmaQuest"
    QC = 2
    CMON = CFrame.new(-5805.02734, 99.7940063, 8784.0459, -0.0944378451, -5.72376258e-10, 0.995530784, -1.81040216e-09, 1, 4.032078e-10, -0.995530784, -1.76423298e-09, -0.0944378451)
    function tp()
        print("babaji")
    end
elseif ml == 375 or ml <= 399 then
    Mon = "Fishman Warrior [Lv. 375]"
    QN = "FishmanQuest"
    QC = 1
    CMON = CFrame.new(61070.1211, 66.9227676, 1525.00977, -0.614753902, 4.80548152e-08, 0.788718998, 1.06641984e-07, 1, 2.21926459e-08, -0.788718998, 9.77535706e-08, -0.614753902)
    function tp()
local args = {
    [1] = "requestEntrance",
    [2] = Vector3.new(61163.8515625, 11.6796875, 1819.7841796875)
}

game:GetService("ReplicatedStorage").Remotes.CommF_:InvokeServer(unpack(args))
end
elseif ml == 400 or ml <= 449 then
    Mon = "Fishman Commando [Lv. 400]"
    QN = "FishmanQuest"
    QC = 2
    CMON = CFrame.new(61891.9961, 75.8156433, 1393.4491, -0.319826603, 0, -0.947476268, 0, 1.00000012, 0, 0.947476268, 0, -0.319826603)
    function tp()
local args = {
    [1] = "requestEntrance",
    [2] = Vector3.new(61163.8515625, 11.6796875, 1819.7841796875)
}

game:GetService("ReplicatedStorage").Remotes.CommF_:InvokeServer(unpack(args))
end
elseif ml == 450 or ml <= 474 then
    Mon = "God's Guard [Lv. 450]"
    QN = "SkyExp1Quest"
    QC = 1
    CMON = CFrame.new(-4722.36279, 853.782532, -1939.90576, 0.965356886, -1.61061013e-08, 0.260933161, 9.01602526e-09, 1, 2.83690227e-08, -0.260933161, -2.50336498e-08, 0.965356886)
        function tp()
local args = {
    [1] = "requestEntrance",
    [2] = Vector3.new(-4607.82275390625, 874.3905029296875, -1667.556884765625)
}

game:GetService("ReplicatedStorage").Remotes.CommF_:InvokeServer(unpack(args))
end
elseif ml == 475 or ml <= 524 then
    Mon = "Shanda [Lv. 475]"
    QN = "SkyExp1Quest"
    QC = 2
    CMON = CFrame.new(-7750.50391, 5577.92236, -488.500214, 0.999135256, 9.21268963e-08, 0.0415787585, -9.31971442e-08, 1, 2.3801956e-08, -0.0415787585, -2.76563945e-08, 0.999135256)
function tp()
local args = {
    [1] = "requestEntrance",
    [2] = Vector3.new(-7894.61767578125, 5547.1416015625, -380.29119873046875)
}

game:GetService("ReplicatedStorage").Remotes.CommF_:InvokeServer(unpack(args))
end
elseif ml == 524 or ml <= 549 then
    Mon = "Royal Squad [Lv. 525]"
    QN = "SkyExp2Quest"
    QC = 1
    CMON = CFrame.new(-7646.66504, 5637.42529, -1421.20361, 0.827447474, 0, 0.561543405, 0, 1, 0, -0.561543465, 0, 0.827447414)
function tp()
print("babaji")
end
elseif ml == 550 or ml <= 624 then
    Mon = "Royal Soldier [Lv. 550]"
    QN = "SkyExp2Quest"
    QC = 2
    CMON = CFrame.new(-7943.40625, 5637.42529, -1766.35815, 0.745582879, -7.29154408e-07, -0.666412115, 2.66789086e-13, 1, -1.09414952e-06, 0.666412115, 8.1577906e-07, 0.745582879)
function tp()
print("babaji")
end
elseif ml == 625 or ml <= 649 then
    Mon = "Galley Pirate [Lv. 625]"
    QN = "FountainQuest"
    QC = 1
    CMON = CFrame.new(5539.56641, 112.785339, 4069.04102, 0.964313209, 4.53155806e-08, 0.264764071, -2.5787914e-08, 1, -7.72308084e-08, -0.264764071, 6.76469725e-08, 0.964313209)
function tp()
print("babaji")
end
elseif ml >= 650 then
    Mon = "Galley Captain [Lv. 650]"
    QN = "FountainQuest"
    QC = 2
    CMON = CFrame.new(5533.67285, 89.4192734, 4854.56348, -0.953377187, 2.04072617e-08, 0.301781297, 1.89820515e-08, 1, -7.65523556e-09, -0.301781297, -1.56989899e-09, -0.953377187)
function tp()
print("babaji")
end
end
end
if secondsea then
if ml == 700 or ml <= 724 then
    Mon = "Raider [Lv. 700]"
    QN = "Area1Quest"
    QC = 1
    CMON = CFrame.new(175.858536, 93.1249847, 2191.21289, -0.0820605755, 5.86717988e-07, -0.99662739, -6.86853596e-08, 1, 5.94359278e-07, 0.99662739, 1.17227046e-07, -0.0820605755)
function tp()
print("vxny on top")
end
elseif ml == 725 or ml <= 774 then
    Mon = "Mercenary [Lv. 725]"
    QN = "Area1Quest"
    QC = 2
    CMON = CFrame.new(-959.987793, 80.3179855, 1690.74512, -0.998016536, -5.12139167e-08, -0.0629521012, -5.47822658e-08, 1, 5.49575141e-08, 0.0629521012, 5.8297168e-08, -0.998016536)
function tp()
print("vxny on top")
end
elseif ml == 775 or ml <= 799 then
    Mon = "Swan Pirate [Lv. 775]"
    QN = "Area2Quest"
    QC = 1
    CMON = CFrame.new(879.701599, 121.925453, 1170.61938, 0.885247767, -9.66951852e-10, -0.465119779, -4.45422899e-09, 1, -1.05565237e-08, 0.465119779, 1.14168888e-08, 0.885247767)
function tp()
print("vxny on top")
end
elseif ml == 800 or ml <= 874 then
    Mon = "Factory Staff [Lv. 800]"
    QN = "Area2Quest"
    QC = 2
    CMON = CFrame.new(-478.384338, 110.393898, -276.981232, 0.995482504, -1.23470434e-08, -0.0949452445, 1.28435502e-08, 1, 4.61830796e-09, 0.0949452445, -5.81687898e-09, 0.995482504)
function tp()
print("vxny on top")
end
elseif ml == 875 or ml <= 899 then
    Mon = "Marine Lieutenant [Lv. 875]"
    QN = "MarineQuest3"
    QC = 1
    CMON = CFrame.new(-2978.09009, 73.0914459, -2957.07056, -0.236529067, 2.30422206e-08, 0.971624434, -2.54612988e-08, 1, -2.9913366e-08, -0.971624434, -3.18141993e-08, -0.236529067)
function tp()
print("vxny on top")
end
elseif ml == 900 or ml <= 949 then
    Mon = "Marine Captain [Lv. 900]"
    QN = "MarineQuest3"
    QC = 2
    CMON = CFrame.new(-1782.33301, 95.8781967, -3259.21948, 0.999133885, -1.37714666e-08, -0.0416074619, 1.22071233e-08, 1, -3.78517626e-08, 0.0416074619, 3.73111e-08, 0.999133885)
function tp()
print("vxny on top")
end
end
end
end

weapon = {}
for i,v in pairs(game.Players.LocalPlayer.Backpack:GetChildren()) do
        if v:IsA("Tool") then
            table.insert(weapon ,v.Name)
        end
    end

local CFAHub = {}
warn("Preparing UI...")
repeat wait() until game:IsLoaded()
repeat wait() until game.Players.LocalPlayer
repeat wait() until game.Players.LocalPlayer.Character
repeat wait() until game.Players.LocalPlayer.Character:FindFirstChild("HumanoidRootPart")
warn("UI Loaded.")

local Fully_Support_Exploits = {"Krnl", "Synapse X"}
local Tween = game:GetService("TweenService")
local Tweeninfo = TweenInfo.new
local Input = game:GetService("UserInputService")
local Run = game:GetService("RunService")
local Players = game:GetService("Players")
local Player = Players.LocalPlayer
local CoreGui = game:GetService("CoreGui")
local HttpService = game:GetService("HttpService")
local ms = Player:GetMouse()

local Utility = {}
local Objects = {}
local Animate = {}

function Utility:TweenObject(obj, properties, duration, ...)
    Tween:Create(obj, Tweeninfo(duration, ...), properties):Play()
end

function Utility:Pop(object, shrink)
    local clone = object:Clone()
	clone.AnchorPoint = Vector2.new(0.5, 0.5)
	clone.Size = clone.Size - UDim2.new(0, shrink, 0, shrink)
	clone.Position = UDim2.new(0.5, 0, 0.5, 0)
	clone.Parent = object
	object.BackgroundTransparency = 1
	Utility:TweenObject(clone, {Size = object.Size}, 0.2)
	spawn(function()
		wait(0.2)
		object.BackgroundTransparency = 0
		clone:Destroy()
	end)
	return clone
end

function Utility:TweenColor(obj, value, t)
  Tween:Create(obj, TweenInfo.new(.25), {BackgroundColor3 = value}):Play()
end

function Utility:TweenTransparency(obj, style, value)
    if string.lower(style) == 'bg' then
		Tween:Create(obj, TweenInfo.new(.25), {BackgroundTransparency = value}):Play()
	elseif string.lower(style) == 'img' then 
		Tween:Create(obj, TweenInfo.new(.25), {ImageTransparency = value}):Play()
	elseif string.lower(style) == 'text' then 
		Tween:Create(obj, TweenInfo.new(.25), {TextTransparency = value}):Play()
	end
end

function Utility:TweenRotation(obj, value)
  Tween:Create(obj, TweenInfo.new(.25), {Rotation = value}):Play()
end

function Animate:TypeWriter(text)
    for i = 1, #text, 1 do
        return string.sub(text, 1, i)
    end
end

function Animate:RandomString(length)
    local chars = {"A", "B", "C", "D", "E", "F", "G", "H", "I", "J", "K", "L", "M", "N", "O", "P", "Q", "R", "S", "T", "U", "V", "W", "X", "Y", "Z", "a", "b", "c", "d", "e", "f", "g", "h", "i", "j", "k", "l", "m", "n", "o", "p", "q", "r", "s", "t", "u", "v", "w", "x", "y", "z", "0", "1", "2", "3", "4", "5", "6", "7", "8", "9"}
    local s = {}
    for i = 1, length do s[i] = chars[math.random(1, #chars)] end
    return table.concat(s)
end

function Animate:CreateGradient(object)
    local UIGradient = Instance.new("UIGradient")
    UIGradient.Color = ColorSequence.new{ColorSequenceKeypoint.new(0.00, Color3.fromRGB(255, 255, 255)), ColorSequenceKeypoint.new(1.00, Color3.fromRGB(209, 209, 209))}
    UIGradient.Rotation = 25
    UIGradient.Parent = object
end

function CFAHub:DraggingEnabled(frame, parent)
    parent = parent or frame
    local dragging = false
    local dragInput, mousePos, framePos
    frame.InputBegan:Connect(function(input)
        if input.UserInputType == Enum.UserInputType.MouseButton1 then
            dragging = true
            mousePos = input.Position
            framePos = parent.Position

            input.Changed:Connect(function()
                if input.UserInputState == Enum.UserInputState.End then
                    dragging = false
                end
            end)
        end
    end)
    frame.InputChanged:Connect(function(input)
        if input.UserInputType == Enum.UserInputType.MouseMovement then
            dragInput = input
        end
    end)
    Input.InputChanged:Connect(function(input)
        if input == dragInput and dragging then
            local delta = input.Position - mousePos
            Utility:TweenObject(parent, {Position = UDim2.new(framePos.X.Scale, framePos.X.Offset + delta.X, framePos.Y.Scale, framePos.Y.Offset + delta.Y)}, 0.25)
        end
    end)
end

local GuiName = "CFAHubPremium2022"
function CFAHub:CreateWindow(title, gameName, intro)
    title = title or "<font color=\"#1CB2F5\">CFA Hub Premium</font>"
    gameName = gameName or "N/A"
    for _, v in pairs(CoreGui:GetChildren()) do
        if v:IsA("ScreenGui") and v.Name == GuiName then
            v:Destroy()
        end
    end
    local themes = {
        SchemaColor = Color3.fromRGB(79, 195, 247), -- Main Color
        TextColor = Color3.fromRGB(255, 255, 255),
        Header = Color3.fromRGB(22, 22, 22),
        Container = Color3.fromRGB(34, 34, 34),
        Background = Color3.fromRGB(22, 22, 22),
        Slider = Color3.fromRGB(15, 15, 15),
        Drop = Color3.fromRGB(28, 28, 28),
        ScrollBar = Color3.fromRGB(149, 149, 149),
        NotiBackground = Color3.fromRGB(0, 0, 0),
        Logo = "rbxassetid://11247127403"
    }
    table.insert(CFAHub, title)
    function CFAHub:SetTheme(theme, color3)
        themes[theme] = color3
    end
    local CFAHubGui = Instance.new("ScreenGui")
    if intro == true then
        local Logo = Instance.new("ImageLabel")
        Logo.Parent = CFAHubGui
        Logo.AnchorPoint = Vector2.new(0.5, 0.5)
        Logo.BackgroundColor3 = Color3.fromRGB(255, 255, 255)
        Logo.BackgroundTransparency = 1.000
        Logo.ImageTransparency = 1
        Logo.Position = UDim2.new(0.5, 0, 0.6, 0)
        Logo.Size = UDim2.new(0, 200, 0, 200)
        Logo.Image = themes.Logo
        Tween:Create(Logo, Tweeninfo(0.5, Enum.EasingStyle.Linear, Enum.EasingDirection.InOut), {
            Position = UDim2.new(0.5, 0, 0.5, 0),
            ImageTransparency = 0
        }):Play()
        wait(1.5)
        Tween:Create(Logo, Tweeninfo(0.5, Enum.EasingStyle.Linear, Enum.EasingDirection.InOut), {
            Position = UDim2.new(0.5, 0, 0.4, 0),
            ImageTransparency = 1
        }):Play()
        wait(0.2)
        Logo:Destroy()
    end

    local Container = Instance.new("Frame")
    local UIScale = Instance.new("UIScale")
    local ContainerCorner = Instance.new("UICorner")
    local ElementContainer = Instance.new("Frame")
    local Elements = Instance.new("Frame")
    local ElementCorner = Instance.new("UICorner")

    local Header = Instance.new("Frame")
    local HeaderCorner = Instance.new("UICorner")
    local coverup = Instance.new("Frame")
    local logo = Instance.new("ImageLabel")
    local Title = Instance.new("TextLabel")

    local TabFrame = Instance.new("Frame")
    local TabCorner = Instance.new("UICorner")
    local TabScroll = Instance.new("ScrollingFrame")
    local TabGridLayout = Instance.new("UIGridLayout")

    local ShadowBlue = Instance.new("ImageLabel")

    -- NOTIFICATION

    local UIListLayout = Instance.new("UIListLayout")
    local CurrentAlert = Instance.new("Frame")
    
    UIListLayout.Parent = CurrentAlert
    UIListLayout.HorizontalAlignment = Enum.HorizontalAlignment.Right
    UIListLayout.SortOrder = Enum.SortOrder.LayoutOrder
    UIListLayout.VerticalAlignment = Enum.VerticalAlignment.Bottom
    UIListLayout.Padding = UDim.new(0, 8)
    
    CurrentAlert.Name = "NotiContainer"
    CurrentAlert.Parent = CFAHubGui
    CurrentAlert.AnchorPoint = Vector2.new(1, 1)
    CurrentAlert.BackgroundColor3 = Color3.fromRGB(0, 0, 0)
    CurrentAlert.BackgroundTransparency = 1.000
    CurrentAlert.Position = UDim2.new(1, -10, 1, -10)
    CurrentAlert.Size = UDim2.new(1, -10, 1, -10)
    CurrentAlert.ZIndex = 9

    function CFAHub:AddNoti(header, message, duration, buttonEnable, callback)
        header = header or "Announcement"
        message = message or "Nil"
        duration = duration or 120
        callback = callback or function() end

        local Template = Instance.new("Frame")
        local Header = Instance.new("TextLabel")
        local Message = Instance.new("TextLabel")
        local UICorner = Instance.new("UICorner")
        local ButtonContainer = Instance.new("Frame")
        local YesButton = Instance.new("TextButton")
        local UICorner_2 = Instance.new("UICorner")
        local YesIcon = Instance.new("ImageLabel")
        local NoButton = Instance.new("TextButton")
        local UICorner_3 = Instance.new("UICorner")
        local NoIcon = Instance.new("ImageLabel")
        local BarFrame = Instance.new("Frame")
        local Bar = Instance.new("Frame")
        local UICorner_4 = Instance.new("UICorner")
        local UICorner_5 = Instance.new("UICorner")
        
        Template.Name = "Template"
        Template.Parent = CurrentAlert
        Template.BackgroundColor3 = themes.NotiBackground
        Objects[Template] = "NotiBackground"
        Template.BackgroundTransparency = 0.200
        Template.BorderSizePixel = 0
        Template.ClipsDescendants = true
        Template.Position = UDim2.new(1.01262629, -260, 0.732447803, 50)
        Template.Size = UDim2.new(0, 250, 0, 91)
        Template.ZIndex = 99
        
        Header.Name = "Header"
        Header.Parent = Template
        Header.AnchorPoint = Vector2.new(0.5, 0)
        Header.BackgroundColor3 = Color3.fromRGB(255, 255, 255)
        Header.BackgroundTransparency = 1.000
        Header.Position = UDim2.new(0.400000006, 0, 0.100000069, 0)
        Header.Size = UDim2.new(0.75, 0, 0, 20)
        Header.Font = Enum.Font.GothamBold
        Header.Text = header
        Header.TextColor3 = themes.TextColor
        Objects[Header] = "TextColor"
        Header.TextSize = 16.000
        Header.TextXAlignment = Enum.TextXAlignment.Left
        
        Message.Name = "Message"
        Message.Parent = Template
        Message.AnchorPoint = Vector2.new(0.5, 0)
        Message.BackgroundColor3 = Color3.fromRGB(255, 255, 255)
        Message.BackgroundTransparency = 1.000
        Message.Position = UDim2.new(0.400000006, 0, 0.312000006, 0)
        Message.Size = UDim2.new(0.75, 0, 0.5, 0)
        Message.Font = Enum.Font.GothamSemibold
        Message.Text = message
        Message.TextColor3 = themes.TextColor
        Objects[Message] = "TextColor"
        Message.TextSize = 15.000
        Message.TextWrapped = true
        Message.TextTransparency = 0.25
        Message.TextXAlignment = Enum.TextXAlignment.Left
        Message.TextYAlignment = Enum.TextYAlignment.Top
        
        UICorner.CornerRadius = UDim.new(0, 4)
        UICorner.Parent = Template
        
        ButtonContainer.Name = "ButtonContainer"
        ButtonContainer.Parent = Template
        ButtonContainer.AnchorPoint = Vector2.new(0.5, 0)
        ButtonContainer.BackgroundColor3 = Color3.fromRGB(255, 255, 255)
        ButtonContainer.BackgroundTransparency = 1.000
        ButtonContainer.Position = UDim2.new(0.889500022, 0, 0.539560497, -40)
        ButtonContainer.Size = UDim2.new(0, 43, 0, 61)
        ButtonContainer.ZIndex = 2
        
        YesButton.Name = "YesButton"
        YesButton.Parent = ButtonContainer
        YesButton.AnchorPoint = Vector2.new(1, 0)
        YesButton.BackgroundColor3 = Color3.fromRGB(67, 116, 58)
        if buttonEnable == false then
            YesButton.BackgroundTransparency = 0.6
            YesButton.Active = false
        else
            YesButton.BackgroundTransparency = 0
        end
        YesButton.Position = UDim2.new(1, 0, 0, 0)
        YesButton.Size = UDim2.new(1, 0, 0, 27)
        YesButton.ZIndex = 2
        YesButton.AutoButtonColor = false
        YesButton.Font = Enum.Font.SourceSansSemibold
        YesButton.Text = ""
        YesButton.TextColor3 = Color3.fromRGB(255, 255, 255)
        YesButton.TextSize = 22.000
        
        UICorner_2.CornerRadius = UDim.new(0, 4)
        UICorner_2.Parent = YesButton
        
        YesIcon.Name = "YesIcon"
        YesIcon.Parent = YesButton
        YesIcon.AnchorPoint = Vector2.new(0.5, 0.5)
        YesIcon.BackgroundColor3 = Color3.fromRGB(255, 255, 255)
        YesIcon.BackgroundTransparency = 1.000
        YesIcon.Position = UDim2.new(0.5, 0, 0.5, 0)
        YesIcon.Size = UDim2.new(0, 20, 0, 20)
        YesIcon.Image = "rbxassetid://7072706620"
        
        Animate:CreateGradient(YesButton)
        
        NoButton.Name = "NoButton"
        NoButton.Parent = ButtonContainer
        NoButton.AnchorPoint = Vector2.new(1, 1)
        NoButton.BackgroundColor3 = Color3.fromRGB(184, 41, 65)
        NoButton.Position = UDim2.new(1, 0, 1, 0)
        NoButton.Size = UDim2.new(1, 0, 0, 27)
        NoButton.ZIndex = 2
        NoButton.Font = Enum.Font.SourceSansSemibold
        NoButton.Text = ""
        NoButton.AutoButtonColor = false
        NoButton.TextColor3 = Color3.fromRGB(255, 255, 255)
        NoButton.TextSize = 22.000
        
        UICorner_3.CornerRadius = UDim.new(0, 4)
        UICorner_3.Parent = NoButton
        
        Animate:CreateGradient(NoButton)
        
        NoIcon.Name = "NoIcon"
        NoIcon.Parent = NoButton
        NoIcon.AnchorPoint = Vector2.new(0.5, 0.5)
        NoIcon.BackgroundColor3 = Color3.fromRGB(255, 255, 255)
        NoIcon.BackgroundTransparency = 1.000
        NoIcon.Position = UDim2.new(0.5, 0, 0.5, 0)
        NoIcon.Size = UDim2.new(0, 20, 0, 20)
        NoIcon.Image = "rbxassetid://7072725342"
        
        BarFrame.Name = "BarFrame"
        BarFrame.Parent = Template
        BarFrame.AnchorPoint = Vector2.new(0.5, 1)
        BarFrame.BackgroundColor3 = themes.NotiBackground
        Objects[BarFrame] = "NotiBackground"
        BarFrame.BackgroundTransparency = 0.200
        BarFrame.BorderSizePixel = 0
        BarFrame.Position = UDim2.new(0.5, 0, 1, -6)
        BarFrame.Size = UDim2.new(0, 240, 0, 8)
        
        Bar.Name = "Bar"
        Bar.Parent = BarFrame
        Bar.AnchorPoint = Vector2.new(0, 1)
        Bar.BackgroundColor3 = themes.SchemaColor
        Objects[Bar] = "SchemaColor"
        Bar.BorderSizePixel = 0
        Bar.Position = UDim2.new(0, 0, 1, 0)
        Bar.Size = UDim2.new(0.862500012, 0, 1, 0)
        Bar.ZIndex = 2
        
        UICorner_4.CornerRadius = UDim.new(0, 2)
        UICorner_4.Parent = Bar

        Animate:CreateGradient(Bar)
        
        UICorner_5.CornerRadius = UDim.new(0, 2)
        UICorner_5.Parent = BarFrame

        coroutine.wrap(function()
            while wait() do
                Template.BackgroundColor3 = themes.NotiBackground
                Header.TextColor3 = themes.TextColor
                Message.TextColor3 = themes.TextColor
                BarFrame.BackgroundColor3 = themes.NotiBackground
                Bar.BackgroundColor3 = themes.SchemaColor
            end
        end)()

        local close = Tween:Create(Bar,TweenInfo.new(duration),{Size = UDim2.new(0, 0, 1,0)})

        close:Play()

        local function closeNoti()
            Utility:TweenTransparency(Template,"bg",1)
            Utility:TweenTransparency(BarFrame,"bg",1)
            Utility:TweenTransparency(Bar,"bg",1)
            Utility:TweenTransparency(Header,"text",1)
            Utility:TweenTransparency(Message,"text",1)
            Utility:TweenTransparency(YesButton,"bg",1)
            Utility:TweenTransparency(YesButton,"text",1)
            Utility:TweenTransparency(YesIcon, 'img', 1)
            Utility:TweenTransparency(NoButton,"bg",1)
            Utility:TweenTransparency(NoButton,"text",1)
            Utility:TweenTransparency(NoIcon, 'img', 1)
            wait(0.25)
            Template:Destroy()
        end

        close.Completed:Connect(function()
            closeNoti()
        end)

        YesButton.MouseButton1Click:Connect(function()
            if buttonEnable == false then
                return
            else
                Utility:Pop(YesButton, 8)
                closeNoti()
                wait(0.02)
                callback()
            end
        end)

        NoButton.MouseButton1Click:Connect(function()
            Utility:Pop(NoButton, 8)
            closeNoti()
        end)
    end -- final

    function CFAHub:ToggleUI()
        if Container.Visible == true then
            Utility:TweenObject(UIScale, {Scale = 0.95}, 0.25)
            wait(0.25)
            Container.Visible = false
        else
            Utility:TweenObject(UIScale, {Scale = 1.0}, 0.25)
            Container.Visible = true
        end
    end

    CFAHub:DraggingEnabled(Header, Container)

    CFAHubGui.Name = GuiName
    CFAHubGui.Parent = CoreGui
    CFAHubGui.ZIndexBehavior = Enum.ZIndexBehavior.Sibling

    Container.Name = "Container"
    Container.Parent = CFAHubGui
    Container.AnchorPoint = Vector2.new(0.5, 0.5)
    Container.BackgroundColor3 = themes.Container
    Objects[Container] = "Container"
    Container.BorderSizePixel = 0
    Container.Position = UDim2.new(0.5, 0, 0.5, 0)
    Container.Size = UDim2.new(0, 673, 0, 402)

    UIScale.Parent = Container
    UIScale.Scale = 1

    ContainerCorner.CornerRadius = UDim.new(0, 4)
    ContainerCorner.Name = "ContainerCorner"
    ContainerCorner.Parent = Container

    ElementContainer.Name = "ElementContainer"
    ElementContainer.Parent = Container
    ElementContainer.AnchorPoint = Vector2.new(0, 0.5)
    ElementContainer.BackgroundColor3 = themes.Background
    Objects[ElementContainer] = "Background"
    ElementContainer.BorderColor3 = Color3.fromRGB(27, 42, 53)
    ElementContainer.Position = UDim2.new(0.271515578, 0, 0.49751243, 15)
    ElementContainer.ClipsDescendants = true
    ElementContainer.Size = UDim2.new(0.71619612, 0, 0.0298507456, 348)

    Elements.Name = "Elements"
    Elements.Parent = ElementContainer
    Elements.AnchorPoint = Vector2.new(0, 0)
    Elements.BackgroundColor3 = Color3.fromRGB(22, 22, 22)
    Elements.BackgroundTransparency = 1
    Elements.BorderColor3 = Color3.fromRGB(27, 42, 53)
    Elements.Position = UDim2.new(0, 0, 0, 0)
    Elements.ClipsDescendants = true
    Elements.Size = UDim2.new(1, 0, 1, 0)

    ElementCorner.CornerRadius = UDim.new(0, 4)
    ElementCorner.Name = "ElementCorner"
    ElementCorner.Parent = ElementContainer

    local Fader = Instance.new("Frame")
    local FaderGradient = Instance.new("UIGradient")
    local Fader_2 = Instance.new("Frame")
    local FaderGradient_2 = Instance.new("UIGradient")
    
    Fader.Name = "Fader"
    Fader.Parent = ElementContainer
    Fader.AnchorPoint = Vector2.new(0, 1)
    Fader.BackgroundColor3 = themes.Background
    Objects[Fader] = "Background"
    Fader.BorderSizePixel = 0
    Fader.Position = UDim2.new(0, 0, 1, 0)
    Fader.Size = UDim2.new(1, 0, -0.0388888903, 44)
    Fader.ZIndex = 3
    
    FaderGradient.Rotation = -90
    FaderGradient.Transparency = NumberSequence.new{NumberSequenceKeypoint.new(0.00, 0.00), NumberSequenceKeypoint.new(1.00, 1.00)}
    FaderGradient.Name = "FaderGradient"
    FaderGradient.Parent = Fader
    
    Fader_2.Name = "Fader"
    Fader_2.Parent = ElementContainer
    Fader_2.BackgroundColor3 = themes.Background
    Objects[Fader_2] = "Background"
    Fader_2.BorderSizePixel = 0
    Fader_2.Size = UDim2.new(1, 0, -0.0388888903, 44)
    Fader_2.ZIndex = 3
    
    FaderGradient_2.Rotation = 90
    FaderGradient_2.Transparency = NumberSequence.new{NumberSequenceKeypoint.new(0.00, 0.00), NumberSequenceKeypoint.new(1.00, 1.00)}
    FaderGradient_2.Name = "FaderGradient"
    FaderGradient_2.Parent = Fader_2

    local UIPageLayout = Instance.new("UIPageLayout")
    
    UIPageLayout.Parent = Elements
    UIPageLayout.FillDirection = Enum.FillDirection.Vertical
    UIPageLayout.SortOrder = Enum.SortOrder.LayoutOrder
    UIPageLayout.EasingDirection = Enum.EasingDirection.InOut
    UIPageLayout.EasingStyle = Enum.EasingStyle.Quad
    UIPageLayout.Padding = UDim.new(0, 0)
    UIPageLayout.TweenTime = 0.500

    Header.Name = "Header"
    Header.Parent = Container
    Header.BackgroundColor3 = themes.Header
    Objects[Header] = "Header"
    Header.BorderColor3 = Color3.fromRGB(43, 43, 43)
    Header.Size = UDim2.new(0, 673, 0, 29)

    HeaderCorner.CornerRadius = UDim.new(0, 4)
    HeaderCorner.Name = "HeaderCorner"
    HeaderCorner.Parent = Header

    coverup.Name = "coverup"
    coverup.Parent = Header
    coverup.BackgroundColor3 = themes.Header
    coverup.BorderSizePixel = 0
    coverup.Position = UDim2.new(0, 0, 0.758620679, 0)
    coverup.Size = UDim2.new(1, 0, 0, 7)

    logo.Name = "logo"
    logo.Parent = Header
    logo.AnchorPoint = Vector2.new(0.5, 0.5)
    logo.BackgroundColor3 = Color3.fromRGB(255, 255, 255)
    logo.BackgroundTransparency = 1.000
    logo.Position = UDim2.new(0.0299999993, 0, 0.5, 0)
    logo.Size = UDim2.new(0, 25, 0, 25)
    logo.ZIndex = 2
    logo.Image = themes.Logo
    Objects[logo] = "Logo"

    Title.Name = "Title"
    Title.Parent = Header
    Title.BackgroundColor3 = Color3.fromRGB(255, 255, 255)
    Title.BackgroundTransparency = 1.000
    Title.Position = UDim2.new(0.0579494797, 0, 0, 0)
    Title.Size = UDim2.new(0, 625, 0, 29)
    Title.ZIndex = 2
    Title.Font = Enum.Font.SourceSansSemibold
    Title.Text = title .. " - " .. gameName
    Title.RichText = true
    Title.TextColor3 = themes.TextColor
    Objects[Title] = "TextColor"
    Title.TextSize = 22.000
    Title.TextWrapped = true
    Title.TextXAlignment = Enum.TextXAlignment.Left

    TabFrame.Name = "TabFrame"
    TabFrame.Parent = Container
    TabFrame.AnchorPoint = Vector2.new(0, 0.5)
    TabFrame.BackgroundColor3 = themes.Background
    Objects[TabFrame] = "Background"
    TabFrame.BorderColor3 = Color3.fromRGB(27, 42, 53)
    TabFrame.Position = UDim2.new(0.00999999978, 0, 0.49751243, 15)
    TabFrame.Size = UDim2.new(0.249628529, 0, 0.0298507456, 348)

    TabCorner.CornerRadius = UDim.new(0, 4)
    TabCorner.Name = "TabCorner"
    TabCorner.Parent = TabFrame

    TabScroll.Name = "TabScroll"
    TabScroll.Parent = TabFrame
    TabScroll.BackgroundColor3 = Color3.fromRGB(255, 255, 255)
    TabScroll.BackgroundTransparency = 1.000
    TabScroll.BorderSizePixel = 0
    TabScroll.Position = UDim2.new(0, 0, 0, 0)
    TabScroll.Size = UDim2.new(1, 0, 1, 0)
    TabScroll.ZIndex = 2
    TabScroll.CanvasSize = UDim2.new(0, 0, 0, 0)
    TabScroll.ScrollBarImageColor3 = themes.ScrollBar
    TabScroll.ScrollBarThickness = 6

    TabGridLayout.Name = "TabGridLayout"
    TabGridLayout.Parent = TabScroll
    TabGridLayout.HorizontalAlignment = Enum.HorizontalAlignment.Center
    TabGridLayout.SortOrder = Enum.SortOrder.LayoutOrder
    TabGridLayout.CellSize = UDim2.new(0, 150, 0, 35)

    TabGridLayout:GetPropertyChangedSignal("AbsoluteContentSize"):Connect(function()
        local absoluteSize = TabGridLayout.AbsoluteContentSize
        TabScroll.CanvasSize = UDim2.new(0, 0, 0, absoluteSize.Y+6)
    end)

    local Tabs = {}

    local first = true
    local LayoutOrder = - 1

    function Tabs:CreatePage(tabTitle)

        LayoutOrder = LayoutOrder + 1

        tabTitle = tabTitle or "Tab"

        local TabButton = Instance.new("TextButton")
        local TabButtonCorner = Instance.new("UICorner")
        local slice = Instance.new("Frame")
        local sliceCorner = Instance.new("UICorner")

        local PageContainer = Instance.new("Frame")
        local SectionScroll = Instance.new("ScrollingFrame")
        local SectionScrollListLayout = Instance.new("UIListLayout")

        PageContainer.Name = tabTitle.."_Page"
        PageContainer.Parent = Elements
        PageContainer.BackgroundColor3 = Color3.fromRGB(22, 22, 22)
        PageContainer.BackgroundTransparency = 1.000
        PageContainer.BorderColor3 = Color3.fromRGB(27, 42, 53)
        PageContainer.Size = UDim2.new(1, 0, 1, 0)
        PageContainer.LayoutOrder = LayoutOrder
        PageContainer.Visible = true

        SectionScroll.Name = "SectionScroll"
        SectionScroll.Parent = PageContainer
        SectionScroll.AnchorPoint = Vector2.new(0, 0.5)
        SectionScroll.BackgroundColor3 = Color3.fromRGB(255, 255, 255)
        SectionScroll.BackgroundTransparency = 1.000
        SectionScroll.BorderSizePixel = 0
        SectionScroll.Position = UDim2.new(0, 0, 0.5, 0)
        SectionScroll.Size = UDim2.new(1, 0, 0.961111128, 0)
        SectionScroll.ZIndex = 2
        SectionScroll.CanvasPosition = Vector2.new(0, 0)
        SectionScroll.CanvasSize = UDim2.new(0, 0, 0, 0)
        SectionScroll.ScrollBarImageColor3 = themes.ScrollBar
        Objects[SectionScroll] = "ScrollBar"
        SectionScroll.ScrollBarThickness = 6
    
        SectionScrollListLayout.Name = "SectionScrollListLayout"
        SectionScrollListLayout.Parent = SectionScroll
        SectionScrollListLayout.HorizontalAlignment = Enum.HorizontalAlignment.Center
        SectionScrollListLayout.SortOrder = Enum.SortOrder.LayoutOrder
        SectionScrollListLayout.Padding = UDim.new(0, 6)

        SectionScrollListLayout:GetPropertyChangedSignal("AbsoluteContentSize"):Connect(function()
            local absoluteSize = SectionScrollListLayout.AbsoluteContentSize
            SectionScroll.CanvasSize = UDim2.new(0, 0, 0, absoluteSize.Y)
        end)

        TabButton.Name = "TabButton"
        TabButton.Parent = TabScroll
        TabButton.BackgroundColor3 = Color3.fromRGB(255, 255, 255)
        TabButton.BackgroundTransparency = 1.000
        TabButton.Position = UDim2.new(0.0107816709, 0, 0.0441953987, 0)
        TabButton.Size = UDim2.new(0, 141, 0, 43)
        TabButton.ZIndex = 2
        TabButton.Font = Enum.Font.SourceSansSemibold
        TabButton.Text = tabTitle
        TabButton.TextColor3 = themes.TextColor
        Objects[TabButton] = "TextColor"
        TabButton.TextSize = 23.000
        TabButton.TextWrapped = true
    
        TabButtonCorner.CornerRadius = UDim.new(0, 4)
        TabButtonCorner.Name = "TabButtonCorner"
        TabButtonCorner.Parent = TabButton
    
        slice.Name = "slice"
        slice.Parent = TabButton
        slice.AnchorPoint = Vector2.new(0.5, 1)
        slice.BackgroundColor3 = themes.SchemaColor
        Objects[slice] = "SchemaColor"
        slice.BackgroundTransparency = 1
        slice.Position = UDim2.new(0.5, 0, 1, 0)
        slice.Size = UDim2.new(0, 20, 0, 4)
    
        sliceCorner.CornerRadius = UDim.new(0, 4)
        sliceCorner.Name = "sliceCorner"
        sliceCorner.Parent = slice

        if first then
            first = false
            slice.Size = UDim2.new(0, 50, 0, 4)
            slice.BackgroundTransparency = 0
            TabButton.TextTransparency = 0
        else
            slice.Size = UDim2.new(0, 20, 0, 4)
            slice.BackgroundTransparency = 1
            TabButton.TextTransparency = 0.5
        end

        TabButton.MouseButton1Click:Connect(function()
            if PageContainer.Name == tabTitle.."_Page" then
                for i, v in next, Elements:GetChildren() do
                    if not v:IsA("UICorner") and not v:IsA("UIPageLayout") then
                        if v.Name == tabTitle.."_Page" then
                            UIPageLayout:JumpToIndex(PageContainer.LayoutOrder)
                        end
                    end
                end

                for i, v in next, TabScroll:GetChildren() do
                    if v:IsA("TextButton") then
                        Utility:TweenObject(v, {TextTransparency = .5}, 0.1)
                        Tween:Create(v.slice, Tweeninfo(0.2, Enum.EasingStyle.Linear, Enum.EasingDirection.InOut), {
                            Size = UDim2.new(0, 15, 0, 4)
                        }):Play()
                        Tween:Create(v.slice, Tweeninfo(0.1, Enum.EasingStyle.Linear, Enum.EasingDirection.InOut), {
                            BackgroundTransparency = 1
                        }):Play()
                    end
                end
    
                Utility:TweenObject(TabButton, {TextTransparency = 0}, 0.1)
                Tween:Create(slice, Tweeninfo(0.2, Enum.EasingStyle.Linear, Enum.EasingDirection.InOut), {
                    Size = UDim2.new(0, 50, 0, 4)
                }):Play()
                Tween:Create(slice, Tweeninfo(0.1, Enum.EasingStyle.Linear, Enum.EasingDirection.InOut), {
                    BackgroundTransparency = 0
                }):Play()
            end
        end)

        coroutine.wrap(function()
            while wait() do
                SectionScroll.ScrollBarImageColor3 = themes.ScrollBar
                TabButton.TextColor3 = themes.TextColor
                slice.BackgroundColor3 = themes.SchemaColor
            end
        end)()

